        AVA             B1          B2          B3          B4
RM      4539.38         7473.62     6412.45     6750.04     7672.82
GA-A    6896.77         9688.13     7991.14     9463.66     10362.80
GA-B    6579.09         9252.14     6314.06     8853.42     9456.21
PSO     4891.26         7135.46     6786.38     7211.44     8002.29
Tabu-A  6060.72         9041.68     6472.71     7514.10     7433.60
Tabu-B  6024.21         8683.81     6317.40     7244.52     7066.05
SA-A    27031.80        33824.93    23344.77    33485.76    32704.60
SA-B    24100.88        29109.36    16724.15    28226.28    23843.34
ACO     8864.93         10470.68    10951.99    10786.78    12852.43
